spanish: 0.7335160651743566
portuguese: 0.7442244224422443